0.000000000000000000e+00
0.000000000000000000e+00
0.000000000000000000e+00
0.000000000000000000e+00
0.000000000000000000e+00
0.000000000000000000e+00
0.000000000000000000e+00
0.000000000000000000e+00
0.000000000000000000e+00
0.000000000000000000e+00
0.000000000000000000e+00
0.000000000000000000e+00
0.000000000000000000e+00
0.000000000000000000e+00
0.000000000000000000e+00
0.000000000000000000e+00
0.000000000000000000e+00
0.000000000000000000e+00
0.000000000000000000e+00
0.000000000000000000e+00
0.000000000000000000e+00
0.000000000000000000e+00
0.000000000000000000e+00
0.000000000000000000e+00
0.000000000000000000e+00
0.000000000000000000e+00
0.000000000000000000e+00
0.000000000000000000e+00
0.000000000000000000e+00
0.000000000000000000e+00
0.000000000000000000e+00
0.000000000000000000e+00
0.000000000000000000e+00
0.000000000000000000e+00
0.000000000000000000e+00
0.000000000000000000e+00
0.000000000000000000e+00
0.000000000000000000e+00
0.000000000000000000e+00
0.000000000000000000e+00
0.000000000000000000e+00
0.000000000000000000e+00
6.702681421302258968e-04
1.275510177947580814e-03
7.302921731024980545e-04
0.000000000000000000e+00
0.000000000000000000e+00
0.000000000000000000e+00
0.000000000000000000e+00
0.000000000000000000e+00
0.000000000000000000e+00
0.000000000000000000e+00
0.000000000000000000e+00
0.000000000000000000e+00
0.000000000000000000e+00
0.000000000000000000e+00
0.000000000000000000e+00
0.000000000000000000e+00
0.000000000000000000e+00
0.000000000000000000e+00
0.000000000000000000e+00
0.000000000000000000e+00
0.000000000000000000e+00
0.000000000000000000e+00
0.000000000000000000e+00
0.000000000000000000e+00
3.001200384460389614e-04
1.035414170473814011e-03
2.490996383130550385e-03
3.096238477155566216e-03
3.106242511421442032e-03
3.596438793465495110e-03
3.001200500875711441e-03
6.802721181884407997e-04
1.500600228609982878e-05
3.951580729335546494e-04
0.000000000000000000e+00
0.000000000000000000e+00
0.000000000000000000e+00
1.030412153340876102e-03
4.651860799640417099e-04
0.000000000000000000e+00
0.000000000000000000e+00
0.000000000000000000e+00
0.000000000000000000e+00
0.000000000000000000e+00
0.000000000000000000e+00
0.000000000000000000e+00
6.502601172542199492e-05
1.035414170473814011e-03
1.265506260097026825e-03
9.053621906787157059e-04
1.105442177504301071e-03
3.736494807526469231e-03
8.533413521945476532e-03
1.419067755341529846e-02
1.796719059348106384e-02
2.020308189094066620e-02
2.045318298041820526e-02
2.110844478011131287e-02
2.112844772636890411e-02
1.335534360259771347e-02
8.628451265394687653e-03
5.702280905097723007e-03
3.076230641454458237e-03
7.402961491607129574e-04
0.000000000000000000e+00
1.155462232418358326e-03
1.700680295471101999e-04
0.000000000000000000e+00
0.000000000000000000e+00
0.000000000000000000e+00
0.000000000000000000e+00
0.000000000000000000e+00
0.000000000000000000e+00
4.801920731551945210e-04
1.200480182887986302e-04
1.165466150268912315e-03
2.400960773229598999e-03
5.552220623940229416e-03
1.258503552526235580e-02
2.469488047063350677e-02
3.530912101268768311e-02
5.128552392125129700e-02
6.555622816085815430e-02
7.787614315748214722e-02
9.348739683628082275e-02
1.025360226631164551e-01
1.104491874575614929e-01
1.104141622781753540e-01
8.351340889930725098e-02
5.213585495948791504e-02
2.840636670589447021e-02
1.184473931789398193e-02
6.867747753858566284e-03
3.371348837390542030e-03
3.501400715322233737e-05
0.000000000000000000e+00
0.000000000000000000e+00
0.000000000000000000e+00
0.000000000000000000e+00
0.000000000000000000e+00
0.000000000000000000e+00
8.053221390582621098e-04
1.355542219243943691e-03
1.860744319856166840e-03
7.327931467443704605e-03
1.476090494543313980e-02
2.691577002406120300e-02
4.420768842101097107e-02
6.201981008052825928e-02
8.167266845703125000e-02
1.056322678923606873e-01
1.404812037944793701e-01
1.800820678472518921e-01
1.962434947490692139e-01
1.987195312976837158e-01
1.880452930927276611e-01
1.616696566343307495e-01
1.108143180608749390e-01
5.981391668319702148e-02
2.670568041503429413e-02
1.338535547256469727e-02
4.066627006977796555e-03
2.951180504169315100e-04
0.000000000000000000e+00
0.000000000000000000e+00
0.000000000000000000e+00
0.000000000000000000e+00
0.000000000000000000e+00
0.000000000000000000e+00
2.150860382243990898e-04
1.720688305795192719e-03
2.691076369956135750e-03
1.097439043223857880e-02
2.485994622111320496e-02
3.903061524033546448e-02
5.824830010533332825e-02
8.075229823589324951e-02
1.052020713686943054e-01
1.382203251123428345e-01
1.815176159143447876e-01
2.125650495290756226e-01
2.314226031303405762e-01
2.397009134292602539e-01
2.250950634479522705e-01
1.970788389444351196e-01
1.504752337932586670e-01
8.981092274188995361e-02
4.549820721149444580e-02
2.001301199197769165e-02
6.187475286424160004e-03
0.000000000000000000e+00
0.000000000000000000e+00
0.000000000000000000e+00
0.000000000000000000e+00
0.000000000000000000e+00
0.000000000000000000e+00
0.000000000000000000e+00
4.501800867728888988e-05
1.505602267570793629e-03
4.796918947249650955e-03
1.582132838666439056e-02
2.949680387973785400e-02
4.693878069519996643e-02
7.278913259506225586e-02
9.986495971679687500e-02
1.235844567418098450e-01
1.556922942399978638e-01
1.888255476951599121e-01
2.097189128398895264e-01
2.291917055845260620e-01
2.355242222547531128e-01
2.232343107461929321e-01
2.038665264844894409e-01
1.680522710084915161e-01
1.185024306178092957e-01
6.545619666576385498e-02
3.084734268486499786e-02
9.823931381106376648e-03
1.100440204027108848e-04
0.000000000000000000e+00
0.000000000000000000e+00
0.000000000000000000e+00
0.000000000000000000e+00
0.000000000000000000e+00
0.000000000000000000e+00
0.000000000000000000e+00
1.275510177947580814e-03
7.382953539490699768e-03
1.703681610524654388e-02
3.189275786280632019e-02
5.523209646344184875e-02
8.373349159955978394e-02
1.113845705986022949e-01
1.289265900850296021e-01
1.466787159442901611e-01
1.660464107990264893e-01
1.907413899898529053e-01
2.135104686021804810e-01
2.180322110652923584e-01
2.095088362693786621e-01
1.858543455600738525e-01
1.668167561292648315e-01
1.353941708803176880e-01
8.700980246067047119e-02
4.570328071713447571e-02
1.475090067833662033e-02
1.985794398933649063e-03
0.000000000000000000e+00
0.000000000000000000e+00
0.000000000000000000e+00
0.000000000000000000e+00
0.000000000000000000e+00
0.000000000000000000e+00
2.150860382243990898e-04
1.180472201667726040e-03
9.903962723910808563e-03
2.268407307565212250e-02
4.272209480404853821e-02
6.470089405775070190e-02
9.019609540700912476e-02
1.058223620057106018e-01
1.179872155189514160e-01
1.273209303617477417e-01
1.411514282226562500e-01
1.672519147396087646e-01
1.918517351150512695e-01
1.881703138351440430e-01
1.810274571180343628e-01
1.641706526279449463e-01
1.526010632514953613e-01
1.353291720151901245e-01
9.804923087358474731e-02
5.678772553801536560e-02
2.200880646705627441e-02
4.241697024554014206e-03
0.000000000000000000e+00
0.000000000000000000e+00
0.000000000000000000e+00
0.000000000000000000e+00
0.000000000000000000e+00
0.000000000000000000e+00
0.000000000000000000e+00
5.152060766704380512e-04
1.093937642872333527e-02
2.841637097299098969e-02
4.790916666388511658e-02
6.884254515171051025e-02
8.604943752288818359e-02
9.250199049711227417e-02
1.083283796906471252e-01
1.079481542110443115e-01
1.156062483787536621e-01
1.488395333290100098e-01
1.789265722036361694e-01
1.693277359008789062e-01
1.491246074438095093e-01
1.413515508174896240e-01
1.406712383031845093e-01
1.268607676029205322e-01
1.011654734611511230e-01
6.371048092842102051e-02
2.972188778221607208e-02
9.183674119412899017e-03
1.900760398712009192e-04
1.205482170917093754e-03
1.900760398712009192e-04
0.000000000000000000e+00
0.000000000000000000e+00
0.000000000000000000e+00
0.000000000000000000e+00
1.720688305795192719e-03
1.304021757096052170e-02
3.225290402770042419e-02
5.478691682219505310e-02
7.617547363042831421e-02
8.370848000049591064e-02
8.998600393533706665e-02
8.972590416669845581e-02
8.283812552690505981e-02
9.646857529878616333e-02
1.441726386547088623e-01
1.684073805809020996e-01
1.481992900371551514e-01
1.280762404203414917e-01
1.176370680332183838e-01
1.246298551559448242e-01
1.222889050841331482e-01
1.010104119777679443e-01
6.479591876268386841e-02
3.765006363391876221e-02
1.530612353235483170e-02
7.553021423518657684e-04
1.765706459991633892e-03
4.501800867728888988e-05
0.000000000000000000e+00
0.000000000000000000e+00
0.000000000000000000e+00
0.000000000000000000e+00
2.130852313712239265e-03
1.753201521933078766e-02
3.850540518760681152e-02
6.020909547805786133e-02
8.117748051881790161e-02
8.901560306549072266e-02
8.813025057315826416e-02
7.887654751539230347e-02
6.853741407394409180e-02
1.011154875159263611e-01
1.577981710433959961e-01
1.646558791399002075e-01
1.315076053142547607e-01
1.089635789394378662e-01
1.032212972640991211e-01
1.060674116015434265e-01
1.111594885587692261e-01
1.023209318518638611e-01
6.675171107053756714e-02
4.478792101144790649e-02
1.957282982766628265e-02
9.203681838698685169e-04
8.653461700305342674e-04
0.000000000000000000e+00
0.000000000000000000e+00
0.000000000000000000e+00
0.000000000000000000e+00
0.000000000000000000e+00
3.971588797867298126e-03
2.261904813349246979e-02
4.569328203797340393e-02
7.146859169006347656e-02
9.049619734287261963e-02
9.339234977960586548e-02
8.954083174467086792e-02
7.230393588542938232e-02
6.424567848443984985e-02
1.248799711465835571e-01
1.722539365291595459e-01
1.661714613437652588e-01
1.177020967006683350e-01
9.146659076213836670e-02
9.463287144899368286e-02
9.109144657850265503e-02
9.759905934333801270e-02
9.839937835931777954e-02
7.199382036924362183e-02
5.036515742540359497e-02
2.311925031244754791e-02
1.980792265385389328e-03
1.000400225166231394e-04
0.000000000000000000e+00
0.000000000000000000e+00
0.000000000000000000e+00
0.000000000000000000e+00
0.000000000000000000e+00
4.896958358585834503e-03
3.316826373338699341e-02
5.597239732742309570e-02
8.911063522100448608e-02
1.005101874470710754e-01
1.064525693655014038e-01
9.468287974596023560e-02
7.759103924036026001e-02
8.532412350177764893e-02
1.559824049472808838e-01
1.870998293161392212e-01
1.755452007055282593e-01
1.137254834175109863e-01
9.229692816734313965e-02
9.127151966094970703e-02
8.716485649347305298e-02
9.388757497072219849e-02
9.618848562240600586e-02
7.491496950387954712e-02
5.711784958839416504e-02
2.797619253396987915e-02
4.541816655546426773e-03
1.650660415180027485e-04
2.551020588725805283e-04
0.000000000000000000e+00
0.000000000000000000e+00
0.000000000000000000e+00
7.603041594848036766e-04
9.698878973722457886e-03
4.214185476303100586e-02
7.423468679189682007e-02
1.042067110538482666e-01
1.194427460432052612e-01
1.158613488078117371e-01
1.016056612133979797e-01
8.612944930791854858e-02
1.183623522520065308e-01
1.876901090145111084e-01
2.053671926259994507e-01
1.709833890199661255e-01
1.090136244893074036e-01
9.497798979282379150e-02
8.737993985414505005e-02
9.356743842363357544e-02
1.010404005646705627e-01
9.336734563112258911e-02
7.894658297300338745e-02
5.802321061491966248e-02
2.908163890242576599e-02
6.157463416457176208e-03
1.680672285147011280e-03
9.503801702521741390e-04
0.000000000000000000e+00
1.600640389369800687e-04
0.000000000000000000e+00
1.990796299651265144e-03
1.413565408438444138e-02
5.195078253746032715e-02
8.986594527959823608e-02
1.230692192912101746e-01
1.407512724399566650e-01
1.325429826974868774e-01
1.114896088838577271e-01
1.094587966799736023e-01
1.532913297414779663e-01
2.067176997661590576e-01
2.096439152956008911e-01
1.631552875041961670e-01
1.102090775966644287e-01
1.001850813627243042e-01
1.014555916190147400e-01
1.085184141993522644e-01
1.107893213629722595e-01
9.774911403656005859e-02
8.199281245470046997e-02
5.789815634489059448e-02
3.038715757429599762e-02
7.427971810102462769e-03
1.705682370811700821e-03
5.502201020135544240e-05
0.000000000000000000e+00
1.050420178216882050e-04
0.000000000000000000e+00
2.686074469238519669e-03
1.901760883629322052e-02
6.334532797336578369e-02
1.085034087300300598e-01
1.440826505422592163e-01
1.589235812425613403e-01
1.441226452589035034e-01
1.189675852656364441e-01
1.304821968078613281e-01
1.699730157852172852e-01
2.105142623186111450e-01
2.002550959587097168e-01
1.574229747056961060e-01
1.184223890304565430e-01
1.133053526282310486e-01
1.240746602416038513e-01
1.274109631776809692e-01
1.217336729168891907e-01
1.016656756401062012e-01
7.810125499963760376e-02
5.175570398569107056e-02
2.797118946909904480e-02
8.733494207262992859e-03
1.445578178390860558e-03
0.000000000000000000e+00
0.000000000000000000e+00
0.000000000000000000e+00
0.000000000000000000e+00
2.611044328659772873e-03
2.247899398207664490e-02
7.519508153200149536e-02
1.219338029623031616e-01
1.602191329002380371e-01
1.660264283418655396e-01
1.554321944713592529e-01
1.370148509740829468e-01
1.461434811353683472e-01
1.782213151454925537e-01
2.022359222173690796e-01
1.911914795637130737e-01
1.523459553718566895e-01
1.335583925247192383e-01
1.348489671945571899e-01
1.469238102436065674e-01
1.443127542734146118e-01
1.215286552906036377e-01
1.030562371015548706e-01
7.063826918601989746e-02
4.607843980193138123e-02
2.564025670289993286e-02
9.103641845285892487e-03
4.351740935817360878e-04
0.000000000000000000e+00
0.000000000000000000e+00
0.000000000000000000e+00
0.000000000000000000e+00
1.550620305351912975e-03
2.180372178554534912e-02
7.325932383537292480e-02
1.272158920764923096e-01
1.692526936531066895e-01
1.798619627952575684e-01
1.730492413043975830e-01
1.703931391239166260e-01
1.808723658323287964e-01
1.931422650814056396e-01
2.020758539438247681e-01
1.866897344589233398e-01
1.554321646690368652e-01
1.458783596754074097e-01
1.485843807458877563e-01
1.477790921926498413e-01
1.279661655426025391e-01
1.082632988691329956e-01
8.599440008401870728e-02
5.810823664069175720e-02
3.739495947957038879e-02
2.085334248840808868e-02
6.812725216150283813e-03
0.000000000000000000e+00
0.000000000000000000e+00
0.000000000000000000e+00
0.000000000000000000e+00
0.000000000000000000e+00
1.895758323371410370e-03
1.706682704389095306e-02
5.771308392286300659e-02
1.159213632345199585e-01
1.633653640747070312e-01
1.900410503149032593e-01
2.058023512363433838e-01
2.135104387998580933e-01
2.139905989170074463e-01
2.128201723098754883e-01
2.128101587295532227e-01
1.949179768562316895e-01
1.763405948877334595e-01
1.615096032619476318e-01
1.524260193109512329e-01
1.303921937942504883e-01
1.095238029956817627e-01
8.248798549175262451e-02
6.311025470495223999e-02
4.085634648799896240e-02
2.673569694161415100e-02
1.219487655907869339e-02
4.311724565923213959e-03
7.202881388366222382e-04
0.000000000000000000e+00
0.000000000000000000e+00
0.000000000000000000e+00
0.000000000000000000e+00
1.470588264055550098e-03
1.413565501570701599e-02
3.842536732554435730e-02
8.362346142530441284e-02
1.397308856248855591e-01
1.815125346183776855e-01
2.110144793987274170e-01
2.269307971000671387e-01
2.288165837526321411e-01
2.207682728767395020e-01
2.120549082756042480e-01
1.910564303398132324e-01
1.764755845069885254e-01
1.492597311735153198e-01
1.262004673480987549e-01
9.903962910175323486e-02
7.576531171798706055e-02
5.345137789845466614e-02
3.613445535302162170e-02
2.433473430573940277e-02
1.356042362749576569e-02
6.822729483246803284e-03
3.396358340978622437e-03
1.255502225831151009e-03
0.000000000000000000e+00
0.000000000000000000e+00
0.000000000000000000e+00
0.000000000000000000e+00
6.602641660720109940e-04
8.183273486793041229e-03
2.344437688589096069e-02
4.948978871107101440e-02
8.929071575403213501e-02
1.385104209184646606e-01
1.792317032814025879e-01
1.993097811937332153e-01
1.981593221426010132e-01
1.918667554855346680e-01
1.786113977432250977e-01
1.666866987943649292e-01
1.443126946687698364e-01
1.113795638084411621e-01
8.078731596469879150e-02
5.543716996908187866e-02
4.439776390790939331e-02
3.304321691393852234e-02
2.002801373600959778e-02
1.272509060800075531e-02
7.768108043819665909e-03
2.495998516678810120e-03
1.255502225831151009e-03
7.102841627784073353e-04
0.000000000000000000e+00
0.000000000000000000e+00
0.000000000000000000e+00
0.000000000000000000e+00
0.000000000000000000e+00
2.430972643196582794e-03
8.073230274021625519e-03
1.520608365535736084e-02
3.725990280508995056e-02
6.904762238264083862e-02
1.028060987591743469e-01
1.225790381431579590e-01
1.277561038732528687e-01
1.228891387581825256e-01
1.158213093876838684e-01
1.095538362860679626e-01
8.427870273590087891e-02
5.755301564931869507e-02
3.718987852334976196e-02
2.262404747307300568e-02
1.485093962401151657e-02
1.033913623541593552e-02
6.062424741685390472e-03
3.271308494731783867e-03
1.415566192008554935e-03
3.151260607410222292e-04
0.000000000000000000e+00
0.000000000000000000e+00
0.000000000000000000e+00
0.000000000000000000e+00
0.000000000000000000e+00
0.000000000000000000e+00
0.000000000000000000e+00
0.000000000000000000e+00
0.000000000000000000e+00
0.000000000000000000e+00
1.575630391016602516e-03
6.117447279393672943e-03
1.328031159937381744e-02
1.991796866059303284e-02
2.527010999619960785e-02
2.667066827416419983e-02
2.815626189112663269e-02
2.649059519171714783e-02
1.942777261137962341e-02
1.056422665715217590e-02
3.346338635310530663e-03
1.940776361152529716e-03
1.330532249994575977e-03
1.570628257468342781e-03
1.185474218800663948e-03
1.225490239448845387e-03
1.265506260097026825e-03
9.503801702521741390e-04
0.000000000000000000e+00
0.000000000000000000e+00
0.000000000000000000e+00
0.000000000000000000e+00
0.000000000000000000e+00
0.000000000000000000e+00
0.000000000000000000e+00
0.000000000000000000e+00
0.000000000000000000e+00
0.000000000000000000e+00
0.000000000000000000e+00
5.502201020135544240e-05
3.801520797424018383e-04
7.052821456454694271e-04
8.203281322494149208e-04
1.260504242964088917e-03
7.503001252189278603e-04
4.501800867728888988e-05
0.000000000000000000e+00
0.000000000000000000e+00
0.000000000000000000e+00
0.000000000000000000e+00
0.000000000000000000e+00
0.000000000000000000e+00
0.000000000000000000e+00
0.000000000000000000e+00
0.000000000000000000e+00
0.000000000000000000e+00
0.000000000000000000e+00
0.000000000000000000e+00
0.000000000000000000e+00
0.000000000000000000e+00
0.000000000000000000e+00
0.000000000000000000e+00
0.000000000000000000e+00
0.000000000000000000e+00
0.000000000000000000e+00
0.000000000000000000e+00
0.000000000000000000e+00
0.000000000000000000e+00
0.000000000000000000e+00
0.000000000000000000e+00
0.000000000000000000e+00
0.000000000000000000e+00
0.000000000000000000e+00
0.000000000000000000e+00
0.000000000000000000e+00
0.000000000000000000e+00
0.000000000000000000e+00
0.000000000000000000e+00
0.000000000000000000e+00
0.000000000000000000e+00
0.000000000000000000e+00
0.000000000000000000e+00
0.000000000000000000e+00
0.000000000000000000e+00
0.000000000000000000e+00
0.000000000000000000e+00
0.000000000000000000e+00
0.000000000000000000e+00
0.000000000000000000e+00
0.000000000000000000e+00
0.000000000000000000e+00
0.000000000000000000e+00
0.000000000000000000e+00
0.000000000000000000e+00
0.000000000000000000e+00
0.000000000000000000e+00
0.000000000000000000e+00
0.000000000000000000e+00
0.000000000000000000e+00
0.000000000000000000e+00
0.000000000000000000e+00
0.000000000000000000e+00
0.000000000000000000e+00
0.000000000000000000e+00
0.000000000000000000e+00
0.000000000000000000e+00
0.000000000000000000e+00
0.000000000000000000e+00
0.000000000000000000e+00
0.000000000000000000e+00
0.000000000000000000e+00
0.000000000000000000e+00
0.000000000000000000e+00
0.000000000000000000e+00
0.000000000000000000e+00
